a b c d
4
1 2 3 4
0.942013   0.157401   0.741074   0.416815
0.072455   0.415566   0.424420   0.044449
0.593472   0.370762   0.619274   0.024207
0.169351   0.353179   0.119338   0.616582
0.535328   0.078591   0.443576   0.921229
0.050897   0.534161   0.921569   0.450769
0.580047   0.876292   0.795939   0.813903
0.126430   0.207813   0.393996   0.015470
0.388020   0.845123   0.833412   0.021509
0.628335   0.817421   0.237707   0.518401
0.554159   0.080606   0.593272   0.841166
0.393828   0.387150   0.036982   0.191610
0.491630   0.173530   0.866089   0.831200
0.211823   0.938104   0.028746   0.501365
0.863300   0.816266   0.235955   0.352770
0.806936   0.935690   0.640821   0.050820